274.628574826
198.600785262
162.97519924
150.885835059
150.132320137
151.82078677
151.78254332
154.24921037
151.997471413
144.910712248
147.541378223
152.449781162
152.030387508
148.701531452
135.247151739
155.873732495
141.271372135
151.374435279
148.100069293
151.527962826
152.764692793
154.27230986
152.077803512
146.728691922
151.035211278
150.77225877
146.841988479
147.807907373
146.037099939
149.374913899
148.636715704
143.45593209
153.158248279
147.827267092
151.318895733
144.924179577
144.7514914
150.296617867
146.824968582
147.571352719
152.835368431
140.241784447
147.581309911
146.861336592
146.954017157
141.660787157
153.151635561
146.833867387
145.985682387
155.793863085
150.939846579
151.756620405
146.349742942
159.254103492
154.673868686
149.773321142
148.574644542
148.698518848
147.643190685
151.64029021
147.828608585
123.162661526
153.397243917
149.406620195
152.434018144
143.074006836
154.170866892
148.331279135
155.854673765
140.033693115
157.271482179
155.970994271
143.890745688
148.127040725
153.926303677
144.121300585
144.61472029
145.285839492
151.311901394
149.018501493
146.154360605
143.05673383
152.013222235
147.394480943
152.394205104
157.55850348
145.647281419
148.729435796
151.194057885
147.540617903
150.198962653
144.652234642
142.409069935
148.550408011
151.811986944
141.815438981
150.941096779
152.727707696
147.724008419
159.7667058
140.015850626
154.177795584
147.821159242
151.098979641
149.374344836
150.812437
146.036923072
146.277062273
129.53282668
142.973531025
148.965436147
149.243179285
146.149845626
142.996377807
150.154188848
147.771711869
149.439494175
148.642099164
149.297484809
145.010606525
141.882379809
147.358500498
148.688965738
154.827436483
145.271434103
148.328021747
150.773983828
151.342556675
153.320474894
142.760857148
144.813523564
148.218599481
145.498716608
153.994833258
158.859642056
148.924105684
152.124903294
144.612222476
150.64551269
150.781896221
151.844471533
148.37640274
148.107068882
146.395760098
143.911342262
143.379871835
149.191570553
146.190202369
150.833113382
146.171483162
142.53046014
152.734437347
154.369599195
151.940587945
141.653561072
133.058805271
143.344265257
144.905930442
151.442801823
150.070178457
147.038971289
155.913576809
147.911247944
155.136193869
155.760372164
149.352199879
156.803129368
147.212618674
149.124683963
149.847992016
143.618473264
151.766193466
153.568053418
150.936126355
141.748475838
150.272916192
151.575726191
148.577123205
146.684293005
150.536045382
149.229704641
148.279883792
149.782226911
148.512565166
146.432730489
146.473017513
144.511391911
145.902768121
145.637328643
153.301522071
147.98165474
143.649930668
146.968039396
139.539500463
145.619862636
155.195041046
150.359243887
149.97542999
151.175341493
150.97888679
150.8580301
150.32665802
130.257820713
150.216639367
146.168864988
147.093012635
151.92147667
146.20878456
149.191673829
143.84117584
148.298117372
153.067512074
147.511291697
143.232586944
149.44977187
144.353498697
153.348803521
147.490127532
149.038085116
149.407429239
143.85028366
152.321675232
147.256176454
146.727541308
144.247066323
143.619488922
145.92183837
156.469587115
135.989163575
148.621683741
152.077186972
145.369601614
151.174536953
144.293579714
146.933819462
151.81786192
147.400102492
152.001061712
153.705045203
146.531152084
143.27511949
144.460475925
140.884385926
148.95625813
158.69081193
148.775168746
145.958730922
146.304323959
151.129840549
127.820459521
147.427154566
146.801205921
147.981570767
148.157298913
150.496753688
150.379640106
153.416344023
157.358195952
147.880522886
147.700589014
148.425297554
146.84354965
145.077913406
146.080149743
152.436984484
157.10883765
143.903533616
157.438954247
147.057401942
155.272276332
142.80393623
147.245544789
156.704284845
148.480827853
147.356888419
153.500158392
148.533476249
148.013538148
155.517268294
152.835220427
151.553814875
145.035211429
146.450266895
153.0517883
152.996923332
152.290370076
156.474101563
148.605680917
150.666705146
147.290178085
149.360395245
148.864465751
147.315986466
148.156187992
147.78116448
147.424669886
124.424507917
144.680250759
147.375740589
143.939380331
150.368034791
149.841749993
141.460949296
151.748179899
148.383108548
146.100248696
147.585676538
149.869608589
151.7856106
152.088567984
150.435251128
150.358682261
144.677101913
145.12778182
147.336922295
152.871106005
143.278026141
148.723660245
144.883747198
144.813203015
146.801266595
150.086078793
148.238706959
149.323996823
144.328397855
150.874101697
149.688948056
147.524420825
147.704005633
152.383647343
146.343489778
143.852083539
146.980765977
146.159759866
150.80693751
140.461869975
147.670722195
145.903513406
141.832019182
149.873367092
148.359467305
153.499063101
149.533247034
137.032407908
142.355456169
147.455417888
145.739434712
155.640794357
151.570049578
151.278735283
146.615029693
152.900584641
148.316800344
147.075084204
149.310716945
149.753319785
154.197776852
154.084025554
148.731137077
152.342254825
147.213297907
152.842916291
149.884690865
144.485796108
151.539422874
145.33854332
154.528655321
147.327182865
145.631034612
149.570570107
151.426310266
154.789775495
147.697146777
144.890118182
148.141308973
147.64541412
144.779645446
144.59838508
140.96497635
144.300196099
145.091108881
144.940144133
141.188055877
143.683967089
148.316087892
149.111694862
149.370355662
146.101079853
145.354856112
152.071655387
124.854893015
149.65035319
148.313107109
148.124177075
144.572996613
149.022675328
151.086605749
155.329704824
154.557861734
145.967364174
148.665303582
141.577133414
146.42450876
156.070862356
148.978030118
153.739134486
150.672365396
148.346350554
141.520636766
148.004251927
148.786901105
142.409243103
151.468225833
148.608651374
140.873785035
147.143534844
146.727052011
152.080609702
148.250335173
149.502578407
157.354052883
150.308996447
152.892929592
151.642771542
147.695338379
144.279527369
148.523962618
144.614652398
146.846989205
142.134891543
151.057782745
148.619881979
148.274642542
148.213413007
160.295261016
142.72140326
148.064791713
135.867617507
152.307785703
148.195721783
150.93892674
153.763416896
145.313779792
151.374128651
150.938736551
145.435080277
154.008061231
151.939379334
146.103677308
148.634077341
149.335588066
147.200159806
146.944514993
146.125517181
149.197296172
153.040965956
149.855710472
147.107046652
146.8101339
144.248511679
151.562102106
146.103372851
142.161761795
143.547909323
148.386181503
150.322775451
151.629379168
156.591476708
150.644587636
155.143162201
144.641786737
148.308064621
151.747362068
144.593907247
144.25189104
149.012672786
146.85967696
152.370147364
148.007635098
146.863821901
148.356636228
145.175364329
158.782947973
151.685778441
132.193228054
155.345240471
154.863679934
147.215838531
149.498185447
148.512232344
152.996960065
148.956982528
147.460368473
149.824251802
150.398979446
139.959875493
143.436962026
145.107094516
149.004356782
151.645109674
146.081881072
149.41416229
144.247192337
145.330275909
142.072614269
153.176507505
143.557055287
147.750011072
139.336371955
149.518421462
155.887445482
144.709461443
151.159816057
142.477861805
142.107915551
155.056315896
139.782440449
153.905551002
150.735244137
148.770946135
143.93806767
150.583391632
149.738330754
148.531106724
139.927349389
146.866446916
151.717340156
145.902576051
147.376121426
150.330014888
147.421071745
132.901419953
141.706117159
149.192149265
154.844190236
147.361538442
141.005263549
144.881784715
146.174728951
147.071698433
152.824258419
145.433019305
148.662781521
147.700419554
152.297817269
148.220774726
147.839448455
149.145018856
143.044056215
149.316975498
151.340502825
147.949274221
150.242729035
146.563324332
153.480234395
150.73145732
150.219870051
142.850102331
143.850234632
147.566745705
149.585122185
147.579483456
152.736234118
146.779552329
147.763556029
147.879105221
154.522409718
143.711665263
156.991252646
147.337320889
142.038615602
149.289325673
150.972611129
150.422874114
141.163577019
150.661030346
151.682795119
150.305607986
123.901330507
150.846685383
137.469825586
150.214688066
150.43601679
146.512529452
143.604191418
137.735051802
141.711805783
147.883623592
143.856088706
149.190635291
148.556177327
145.050950671
147.193436511
152.708415386
150.253385455
146.555056892
150.630708034
148.722763861
150.599143819
150.473260963
151.702265
149.983058906
149.815625795
150.749614736
147.591437757
146.124129468
149.126063933
151.251670618
149.579094696
146.189736116
152.606841979
153.318996086
146.663383757
149.739321454
151.765146608
145.96419162
145.520328947
150.683062193
150.284285838
146.058564919
143.860863138
151.678543489
146.502730547
142.088407194
150.398214332
130.538645978
150.944542471
142.572687023
152.619927134
141.653122673
142.614327469
158.646936723
148.538765616
146.111591671
146.88413717
147.050485221
147.715178598
142.927108806
141.604209046
151.058095495
147.873945058
148.596995274
150.905644379
154.143854993
149.811405495
147.921295119
145.012388904
144.155144419
146.746933145
147.460559594
145.318315517
145.934306472
147.494462321
142.655333713
143.381013827
150.618928258
149.824427834
147.184143025
148.010785875
149.530531098
149.729388596
149.607290526
150.049235568
143.386299372
149.968526604
149.238496223
147.163075017
151.172495182
153.095597814
151.485827159
147.619435542
150.215132169
123.462408232
149.553684922
146.571850354
147.86793817
156.144976949
147.574435137
152.399083858
149.213297177
151.570565843
147.725845793
146.936287367
150.17644777
158.164391549
146.74724497
149.142809337
153.938694652
144.320634429
152.372204225
144.850488472
149.001148684
154.053212758
154.635052096
156.399872673
138.899515868
149.968719327
150.05620173
150.543957865
150.854822254
150.555581841
146.424175776
146.318688696
149.632310099
148.982690783
